# Rigidity [GV], Modulated Spectrum [(m^2 s sr GV)^{-1}], LIS
4.333e-02 2.971e+02
4.482e-02 3.772e+02
4.636e-02 4.101e+02
4.796e-02 4.325e+02
4.961e-02 4.531e+02
5.132e-02 4.738e+02
5.308e-02 4.953e+02
5.491e-02 5.178e+02
5.680e-02 5.414e+02
5.876e-02 5.660e+02
6.078e-02 5.919e+02
6.288e-02 6.190e+02
6.504e-02 6.474e+02
6.729e-02 6.772e+02
6.960e-02 7.085e+02
7.200e-02 7.412e+02
7.448e-02 7.756e+02
7.705e-02 8.117e+02
7.971e-02 8.495e+02
8.246e-02 8.893e+02
8.530e-02 9.309e+02
8.824e-02 9.747e+02
9.128e-02 1.020e+03
9.443e-02 1.068e+03
9.769e-02 1.119e+03
1.010e-01 1.172e+03
1.045e-01 1.227e+03
1.081e-01 1.286e+03
1.118e-01 1.347e+03
1.157e-01 1.411e+03
1.197e-01 1.477e+03
1.238e-01 1.548e+03
1.281e-01 1.621e+03
1.326e-01 1.698e+03
1.372e-01 1.778e+03
1.419e-01 1.861e+03
1.468e-01 1.948e+03
1.519e-01 2.039e+03
1.572e-01 2.134e+03
1.626e-01 2.232e+03
1.682e-01 2.334e+03
1.741e-01 2.440e+03
1.801e-01 2.550e+03
1.864e-01 2.663e+03
1.929e-01 2.780e+03
1.996e-01 2.901e+03
2.065e-01 3.025e+03
2.137e-01 3.152e+03
2.212e-01 3.283e+03
2.289e-01 3.416e+03
2.369e-01 3.553e+03
2.452e-01 3.691e+03
2.538e-01 3.832e+03
2.627e-01 3.975e+03
2.719e-01 4.120e+03
2.814e-01 4.265e+03
2.913e-01 4.411e+03
3.016e-01 4.557e+03
3.123e-01 4.703e+03
3.233e-01 4.849e+03
3.348e-01 4.992e+03
3.466e-01 5.134e+03
3.590e-01 5.273e+03
3.718e-01 5.408e+03
3.851e-01 5.539e+03
3.988e-01 5.665e+03
4.132e-01 5.785e+03
4.280e-01 5.899e+03
4.435e-01 6.006e+03
4.596e-01 6.104e+03
4.763e-01 6.194e+03
4.937e-01 6.274e+03
5.117e-01 6.343e+03
5.306e-01 6.402e+03
5.501e-01 6.449e+03
5.705e-01 6.483e+03
5.918e-01 6.504e+03
6.139e-01 6.512e+03
6.370e-01 6.505e+03
6.611e-01 6.484e+03
6.863e-01 6.447e+03
7.126e-01 6.395e+03
7.400e-01 6.328e+03
7.687e-01 6.244e+03
7.987e-01 6.145e+03
8.301e-01 6.030e+03
8.629e-01 5.900e+03
8.974e-01 5.755e+03
9.335e-01 5.595e+03
9.713e-01 5.422e+03
1.011e+00 5.237e+03
1.052e+00 5.039e+03
1.096e+00 4.830e+03
1.142e+00 4.612e+03
1.191e+00 4.385e+03
1.242e+00 4.153e+03
1.296e+00 3.917e+03
1.353e+00 3.681e+03
1.413e+00 3.447e+03
1.476e+00 3.216e+03
1.543e+00 2.989e+03
1.613e+00 2.769e+03
1.688e+00 2.556e+03
1.767e+00 2.351e+03
1.851e+00 2.154e+03
1.940e+00 1.966e+03
2.034e+00 1.789e+03
2.134e+00 1.621e+03
2.240e+00 1.463e+03
2.353e+00 1.316e+03
2.473e+00 1.180e+03
2.600e+00 1.054e+03
2.736e+00 9.393e+02
2.880e+00 8.337e+02
3.033e+00 7.377e+02
3.197e+00 6.509e+02
3.371e+00 5.726e+02
3.557e+00 5.024e+02
3.755e+00 4.396e+02
3.966e+00 3.838e+02
4.192e+00 3.342e+02
4.432e+00 2.904e+02
4.689e+00 2.518e+02
4.963e+00 2.178e+02
5.256e+00 1.880e+02
5.569e+00 1.620e+02
5.903e+00 1.392e+02
6.260e+00 1.194e+02
6.641e+00 1.022e+02
7.049e+00 8.735e+01
7.484e+00 7.444e+01
7.950e+00 6.331e+01
8.448e+00 5.372e+01
8.981e+00 4.548e+01
9.550e+00 3.842e+01
1.015e+01 3.239e+01
1.081e+01 2.725e+01
1.150e+01 2.288e+01
1.225e+01 1.918e+01
1.304e+01 1.605e+01
1.390e+01 1.341e+01
1.481e+01 1.119e+01
1.578e+01 9.325e+00
1.682e+01 7.762e+00
1.794e+01 6.455e+00
1.913e+01 5.364e+00
2.041e+01 4.454e+00
2.178e+01 3.696e+00
2.324e+01 3.065e+00
2.480e+01 2.541e+00
2.648e+01 2.105e+00
2.827e+01 1.744e+00
3.018e+01 1.444e+00
3.223e+01 1.196e+00
3.442e+01 9.902e-01
3.677e+01 8.195e-01
3.928e+01 6.781e-01
4.197e+01 5.610e-01
4.484e+01 4.641e-01
4.792e+01 3.839e-01
5.121e+01 3.175e-01
5.473e+01 2.625e-01
5.849e+01 2.171e-01
6.252e+01 1.795e-01
6.683e+01 1.484e-01
7.145e+01 1.226e-01
7.639e+01 1.014e-01
8.167e+01 8.382e-02
8.732e+01 6.927e-02
9.337e+01 5.725e-02
9.984e+01 4.731e-02
1.067e+02 3.909e-02
1.141e+02 3.230e-02
1.221e+02 2.669e-02
1.305e+02 2.205e-02
1.396e+02 1.821e-02
1.493e+02 1.505e-02
1.597e+02 1.243e-02
1.708e+02 1.027e-02
1.827e+02 8.483e-03
1.955e+02 7.007e-03
2.091e+02 5.787e-03
2.237e+02 4.780e-03
2.392e+02 3.948e-03
2.559e+02 3.261e-03
2.738e+02 2.694e-03
2.929e+02 2.226e-03
3.133e+02 1.840e-03
3.352e+02 1.523e-03
3.586e+02 1.262e-03
3.836e+02 1.049e-03
4.104e+02 8.731e-04
4.391e+02 7.275e-04
4.698e+02 6.067e-04
5.026e+02 5.061e-04
5.377e+02 4.223e-04
5.753e+02 3.523e-04
6.155e+02 2.940e-04
6.585e+02 2.453e-04
7.046e+02 2.047e-04
7.538e+02 1.708e-04
8.065e+02 1.425e-04
8.629e+02 1.189e-04
9.233e+02 9.921e-05
9.878e+02 8.277e-05
1.056e+03 6.905e-05
1.130e+03 5.761e-05
1.209e+03 4.806e-05
1.294e+03 4.010e-05
1.385e+03 3.345e-05
1.482e+03 2.791e-05
1.585e+03 2.328e-05
1.696e+03 1.942e-05
1.815e+03 1.620e-05
1.942e+03 1.351e-05
2.078e+03 1.127e-05
2.223e+03 9.406e-06
2.379e+03 7.846e-06
2.545e+03 6.545e-06
2.723e+03 5.460e-06
2.914e+03 4.554e-06
3.118e+03 3.799e-06
3.336e+03 3.169e-06
3.570e+03 2.643e-06
3.820e+03 2.204e-06
4.087e+03 1.839e-06
4.373e+03 1.534e-06
4.679e+03 1.279e-06
5.007e+03 1.067e-06
5.357e+03 8.901e-07
5.732e+03 7.424e-07
6.133e+03 6.192e-07
6.562e+03 5.164e-07
7.022e+03 4.307e-07
7.513e+03 3.592e-07
8.039e+03 2.996e-07
8.602e+03 2.499e-07
9.204e+03 2.084e-07
9.848e+03 1.738e-07
1.053e+04 1.449e-07
1.127e+04 1.209e-07
1.206e+04 1.008e-07
1.290e+04 8.410e-08
1.381e+04 7.014e-08
1.477e+04 5.850e-08
1.581e+04 4.878e-08
1.692e+04 4.068e-08
1.810e+04 3.393e-08
1.937e+04 2.829e-08
2.072e+04 2.360e-08
2.218e+04 1.968e-08
2.373e+04 1.641e-08
2.539e+04 1.368e-08
2.717e+04 1.141e-08
2.907e+04 9.519e-09
3.110e+04 7.938e-09
3.328e+04 6.619e-09
3.561e+04 5.520e-09
3.810e+04 4.603e-09
4.077e+04 3.838e-09
4.363e+04 3.201e-09
4.668e+04 2.669e-09
4.995e+04 2.226e-09
5.344e+04 1.856e-09
5.719e+04 1.547e-09
6.119e+04 1.290e-09
6.547e+04 1.076e-09
7.006e+04 8.974e-10
7.496e+04 7.482e-10
8.021e+04 6.239e-10
8.582e+04 5.202e-10
9.183e+04 4.337e-10
9.826e+04 3.609e-10
1.051e+05 2.844e-10
