# Rigidityd Spectrum [(m^2 s sr GV)^{-1}], LIS
8.634e-02 2.144e+01
8.932e-02 2.621e+01
9.239e-02 2.808e+01
9.557e-02 2.945e+01
9.886e-02 3.076e+01
1.022e-01 3.211e+01
1.057e-01 3.351e+01
1.094e-01 3.498e+01
1.132e-01 3.651e+01
1.171e-01 3.812e+01
1.211e-01 3.979e+01
1.253e-01 4.155e+01
1.296e-01 4.338e+01
1.340e-01 4.530e+01
1.387e-01 4.731e+01
1.434e-01 4.941e+01
1.484e-01 5.161e+01
1.535e-01 5.392e+01
1.588e-01 5.633e+01
1.643e-01 5.885e+01
1.699e-01 6.149e+01
1.758e-01 6.425e+01
1.819e-01 6.714e+01
1.881e-01 7.017e+01
1.946e-01 7.333e+01
2.014e-01 7.663e+01
2.083e-01 8.009e+01
2.155e-01 8.370e+01
2.229e-01 8.746e+01
2.306e-01 9.140e+01
2.386e-01 9.550e+01
2.469e-01 9.977e+01
2.554e-01 1.042e+02
2.642e-01 1.088e+02
2.734e-01 1.136e+02
2.828e-01 1.186e+02
2.926e-01 1.238e+02
3.027e-01 1.291e+02
3.132e-01 1.347e+02
3.241e-01 1.404e+02
3.353e-01 1.463e+02
3.470e-01 1.524e+02
3.590e-01 1.586e+02
3.715e-01 1.650e+02
3.844e-01 1.715e+02
3.978e-01 1.782e+02
4.116e-01 1.850e+02
4.260e-01 1.919e+02
4.408e-01 1.989e+02
4.562e-01 2.061e+02
4.722e-01 2.133e+02
4.887e-01 2.207e+02
5.058e-01 2.281e+02
5.235e-01 2.355e+02
5.419e-01 2.431e+02
5.609e-01 2.506e+02
5.807e-01 2.583e+02
6.011e-01 2.660e+02
6.224e-01 2.738e+02
6.444e-01 2.816e+02
6.672e-01 2.895e+02
6.909e-01 2.974e+02
7.155e-01 3.052e+02
7.410e-01 3.129e+02
7.675e-01 3.207e+02
7.950e-01 3.287e+02
8.235e-01 3.369e+02
8.532e-01 3.437e+02
8.840e-01 3.494e+02
9.161e-01 3.541e+02
9.494e-01 3.578e+02
9.840e-01 3.605e+02
1.020e+00 3.623e+02
1.057e+00 3.630e+02
1.096e+00 3.627e+02
1.137e+00 3.614e+02
1.179e+00 3.590e+02
1.223e+00 3.555e+02
1.270e+00 3.510e+02
1.318e+00 3.455e+02
1.368e+00 3.390e+02
1.420e+00 3.315e+02
1.475e+00 3.230e+02
1.532e+00 3.137e+02
1.592e+00 3.035e+02
1.655e+00 2.926e+02
1.720e+00 2.810e+02
1.789e+00 2.688e+02
1.861e+00 2.562e+02
1.936e+00 2.433e+02
2.016e+00 2.302e+02
2.099e+00 2.170e+02
2.187e+00 2.037e+02
2.279e+00 1.905e+02
2.376e+00 1.775e+02
2.478e+00 1.647e+02
2.585e+00 1.523e+02
2.699e+00 1.402e+02
2.818e+00 1.287e+02
2.945e+00 1.176e+02
3.078e+00 1.072e+02
3.219e+00 9.741e+01
3.369e+00 8.817e+01
3.527e+00 7.952e+01
3.694e+00 7.150e+01
3.872e+00 6.408e+01
4.060e+00 5.726e+01
4.260e+00 5.101e+01
4.472e+00 4.533e+01
4.697e+00 4.017e+01
4.937e+00 3.551e+01
5.191e+00 3.131e+01
5.462e+00 2.755e+01
5.750e+00 2.418e+01
6.057e+00 2.119e+01
6.384e+00 1.852e+01
6.733e+00 1.616e+01
7.104e+00 1.407e+01
7.500e+00 1.222e+01
7.923e+00 1.060e+01
8.373e+00 9.178e+00
8.854e+00 7.927e+00
9.368e+00 6.834e+00
9.916e+00 5.881e+00
1.050e+01 5.050e+00
1.112e+01 4.329e+00
1.179e+01 3.704e+00
1.250e+01 3.163e+00
1.327e+01 2.696e+00
1.408e+01 2.294e+00
1.495e+01 1.949e+00
1.588e+01 1.654e+00
1.688e+01 1.400e+00
1.795e+01 1.184e+00
1.908e+01 1.000e+00
2.030e+01 8.443e-01
2.160e+01 7.115e-01
2.300e+01 5.989e-01
2.449e+01 5.037e-01
2.608e+01 4.233e-01
2.778e+01 3.554e-01
2.961e+01 2.982e-01
3.156e+01 2.500e-01
3.364e+01 2.095e-01
3.587e+01 1.754e-01
3.826e+01 1.468e-01
4.082e+01 1.228e-01
4.355e+01 1.026e-01
4.647e+01 8.578e-02
4.960e+01 7.163e-02
5.295e+01 5.979e-02
5.653e+01 4.989e-02
6.036e+01 4.161e-02
6.446e+01 3.470e-02
6.884e+01 2.892e-02
7.353e+01 2.410e-02
7.855e+01 2.008e-02
8.393e+01 1.672e-02
8.967e+01 1.392e-02
9.582e+01 1.159e-02
1.024e+02 9.648e-03
1.094e+02 8.028e-03
1.169e+02 6.679e-03
1.250e+02 5.556e-03
1.336e+02 4.620e-03
1.428e+02 3.842e-03
1.527e+02 3.194e-03
1.633e+02 2.655e-03
1.746e+02 2.206e-03
1.867e+02 1.834e-03
1.996e+02 1.523e-03
2.135e+02 1.265e-03
2.283e+02 1.051e-03
2.441e+02 8.730e-04
2.611e+02 7.251e-04
2.793e+02 6.024e-04
2.987e+02 5.008e-04
3.195e+02 4.171e-04
3.417e+02 3.484e-04
3.655e+02 2.917e-04
3.910e+02 2.447e-04
4.182e+02 2.054e-04
4.473e+02 1.724e-04
4.785e+02 1.447e-04
5.119e+02 1.215e-04
5.476e+02 1.020e-04
5.858e+02 8.562e-05
6.267e+02 7.187e-05
6.704e+02 6.032e-05
7.172e+02 5.062e-05
7.673e+02 4.248e-05
8.209e+02 3.565e-05
8.782e+02 2.992e-05
9.396e+02 2.510e-05
1.005e+03 2.106e-05
1.075e+03 1.767e-05
1.150e+03 1.483e-05
1.231e+03 1.244e-05
1.317e+03 1.044e-05
1.409e+03 8.762e-06
1.507e+03 7.352e-06
1.613e+03 6.168e-06
1.725e+03 5.174e-06
1.846e+03 4.341e-06
1.975e+03 3.642e-06
2.113e+03 3.055e-06
2.261e+03 2.563e-06
2.419e+03 2.150e-06
2.589e+03 1.804e-06
2.770e+03 1.513e-06
2.964e+03 1.269e-06
3.171e+03 1.064e-06
3.393e+03 8.932e-07
3.630e+03 7.493e-07
3.884e+03 6.285e-07
4.156e+03 5.271e-07
4.447e+03 4.421e-07
4.758e+03 3.708e-07
5.091e+03 3.110e-07
5.447e+03 2.608e-07
5.829e+03 2.188e-07
6.236e+03 1.835e-07
6.673e+03 1.539e-07
7.140e+03 1.290e-07
7.640e+03 1.082e-07
8.174e+03 9.078e-08
8.746e+03 7.613e-08
9.359e+03 6.384e-08
1.001e+04 5.354e-08
1.071e+04 4.489e-08
1.146e+04 3.765e-08
1.226e+04 3.157e-08
1.312e+04 2.647e-08
1.404e+04 2.220e-08
1.502e+04 1.861e-08
1.607e+04 1.561e-08
1.720e+04 1.308e-08
1.840e+04 1.097e-08
1.969e+04 9.202e-09
2.107e+04 7.716e-09
2.255e+04 6.470e-09
2.412e+04 5.424e-09
2.581e+04 4.548e-09
2.762e+04 3.813e-09
2.955e+04 3.197e-09
3.162e+04 2.681e-09
3.384e+04 2.247e-09
3.621e+04 1.884e-09
3.874e+04 1.580e-09
4.145e+04 1.324e-09
4.436e+04 1.110e-09
4.746e+04 9.312e-10
5.078e+04 7.807e-10
5.434e+04 6.545e-10
5.814e+04 5.487e-10
6.221e+04 4.600e-10
6.657e+04 3.856e-10
7.123e+04 3.233e-10
7.621e+04 2.710e-10
8.155e+04 2.272e-10
8.726e+04 1.905e-10
9.336e+04 1.597e-10
9.990e+04 1.339e-10
1.068e+05 1.122e-10
1.143e+05 9.410e-11
1.223e+05 7.889e-11
1.309e+05 6.613e-11
1.401e+05 5.544e-11
1.499e+05 4.647e-11
1.604e+05 3.895e-11
1.716e+05 3.263e-11
1.836e+05 2.733e-11
1.965e+05 2.285e-11
2.102e+05 1.831e-11
